index,         voltage_V,          temperature_C
0,           0.146400,            147.801289
1,           0.156000,            144.986889
2,           0.165600,            142.286136
3,           0.175200,            139.694007
4,           0.184800,            137.205665
5,           0.194400,            134.816449
6,           0.204000,            132.521874
7,           0.213600,            130.317623
8,           0.223200,            128.199543
9,           0.232800,            126.163642
10,           0.242400,            124.206079
11,           0.252000,            122.323168
12,           0.261600,            120.511365
13,           0.271200,            118.767269
14,           0.280800,            117.087616
15,           0.290400,            115.469274
16,           0.300000,            113.909243
17,           0.309600,            112.404643
18,           0.319200,            110.952720
19,           0.328800,            109.550833
20,           0.338400,            108.196458
21,           0.348000,            106.887178
22,           0.357600,            105.620684
23,           0.367200,            104.394770
24,           0.376800,            103.207327
25,           0.386400,            102.056343
26,           0.396000,            100.939901
27,           0.405600,            99.856171
28,           0.415200,            98.803409
29,           0.424800,            97.779957
30,           0.434400,            96.784234
31,           0.444000,            95.814740
32,           0.453600,            94.870048
33,           0.463200,            93.948802
34,           0.472800,            93.049716
35,           0.482400,            92.171572
36,           0.492000,            91.313215
37,           0.501600,            90.473551
38,           0.511200,            89.651545
39,           0.520800,            88.846221
40,           0.530400,            88.056655
41,           0.540000,            87.281977
42,           0.549600,            86.521366
43,           0.559200,            85.774049
44,           0.568800,            85.039301
45,           0.578400,            84.316438
46,           0.588000,            83.604819
47,           0.597600,            82.903845
48,           0.607200,            82.212952
49,           0.616800,            81.531615
50,           0.626400,            80.859343
51,           0.636000,            80.195677
52,           0.645600,            79.540193
53,           0.655200,            78.892492
54,           0.664800,            78.252207
55,           0.674400,            77.618996
56,           0.684000,            76.992544
57,           0.693600,            76.372559
58,           0.703200,            75.758772
59,           0.712800,            75.150935
60,           0.722400,            74.548822
61,           0.732000,            73.952224
62,           0.741600,            73.360951
63,           0.751200,            72.774830
64,           0.760800,            72.193701
65,           0.770400,            71.617423
66,           0.780000,            71.045865
67,           0.789600,            70.478911
68,           0.799200,            69.916455
69,           0.808800,            69.358404
70,           0.818400,            68.804672
71,           0.828000,            68.255184
72,           0.837600,            67.709875
73,           0.847200,            67.168684
74,           0.856800,            66.631561
75,           0.866400,            66.098458
76,           0.876000,            65.569337
77,           0.885600,            65.044161
78,           0.895200,            64.522901
79,           0.904800,            64.005529
80,           0.914400,            63.492022
81,           0.924000,            62.982360
82,           0.933600,            62.476523
83,           0.943200,            61.974496
84,           0.952800,            61.476264
85,           0.962400,            60.981812
86,           0.972000,            60.491129
87,           0.981600,            60.004200
88,           0.991200,            59.521014
89,           1.000800,            59.041556
90,           1.010400,            58.565815
91,           1.020000,            58.093775
92,           1.029600,            57.625420
93,           1.039200,            57.160734
94,           1.048800,            56.699700
95,           1.058400,            56.242296
96,           1.068000,            55.788501
97,           1.077600,            55.338291
98,           1.087200,            54.891641
99,           1.096800,            54.448523
100,           1.106400,            54.008905
101,           1.116000,            53.572756
102,           1.125600,            53.140039
103,           1.135200,            52.710717
104,           1.144800,            52.284749
105,           1.154400,            51.862093
106,           1.164000,            51.442702
107,           1.173600,            51.026528
108,           1.183200,            50.613521
109,           1.192800,            50.203626
110,           1.202400,            49.796788
111,           1.212000,            49.392948
112,           1.221600,            48.992044
113,           1.231200,            48.594012
114,           1.240800,            48.198788
115,           1.250400,            47.806302
116,           1.260000,            47.416483
117,           1.269600,            47.029260
118,           1.279200,            46.644557
119,           1.288800,            46.262297
120,           1.298400,            45.882403
121,           1.308000,            45.504793
122,           1.317600,            45.129385
123,           1.327200,            44.756097
124,           1.336800,            44.384843
125,           1.346400,            44.015538
126,           1.356000,            43.648093
127,           1.365600,            43.282422
128,           1.375200,            42.918434
129,           1.384800,            42.556041
130,           1.394400,            42.195151
131,           1.404000,            41.835675
132,           1.413600,            41.477521
133,           1.423200,            41.120597
134,           1.432800,            40.764813
135,           1.442400,            40.410077
136,           1.452000,            40.056300
137,           1.461600,            39.703389
138,           1.471200,            39.351256
139,           1.480800,            38.999810
140,           1.490400,            38.648965
141,           1.500000,            38.298632
142,           1.509600,            37.948725
143,           1.519200,            37.599160
144,           1.528800,            37.249851
145,           1.538400,            36.900717
146,           1.548000,            36.551678
147,           1.557600,            36.202654
148,           1.567200,            35.853568
149,           1.576800,            35.504345
150,           1.586400,            35.154912
151,           1.596000,            34.805197
152,           1.605600,            34.455133
153,           1.615200,            34.104651
154,           1.624800,            33.753689
155,           1.634400,            33.402184
156,           1.644000,            33.050077
157,           1.653600,            32.697312
158,           1.663200,            32.343836
159,           1.672800,            31.989596
160,           1.682400,            31.634545
161,           1.692000,            31.278638
162,           1.701600,            30.921831
163,           1.711200,            30.564085
164,           1.720800,            30.205364
165,           1.730400,            29.845633
166,           1.740000,            29.484862
167,           1.749600,            29.123023
168,           1.759200,            28.760090
169,           1.768800,            28.396042
170,           1.778400,            28.030860
171,           1.788000,            27.664526
172,           1.797600,            27.297029
173,           1.807200,            26.928356
174,           1.816800,            26.558501
175,           1.826400,            26.187457
176,           1.836000,            25.815223
177,           1.845600,            25.441798
178,           1.855200,            25.067185
179,           1.864800,            24.691388
180,           1.874400,            24.314414
181,           1.884000,            23.936273
182,           1.893600,            23.556975
183,           1.903200,            23.176534
184,           1.912800,            22.794964
185,           1.922400,            22.412282
186,           1.932000,            22.028506
187,           1.941600,            21.643655
188,           1.951200,            21.257749
189,           1.960800,            20.870810
190,           1.970400,            20.482860
191,           1.980000,            20.093922
192,           1.989600,            19.704019
193,           1.999200,            19.313174
194,           2.008800,            18.921410
195,           2.018400,            18.528752
196,           2.028000,            18.135221
197,           2.037600,            17.740839
198,           2.047200,            17.345627
199,           2.056800,            16.949606
200,           2.066400,            16.552792
201,           2.076000,            16.155204
202,           2.085600,            15.756855
203,           2.095200,            15.357758
204,           2.104800,            14.957923
205,           2.114400,            14.557355
206,           2.124000,            14.156059
207,           2.133600,            13.754035
208,           2.143200,            13.351279
209,           2.152800,            12.947784
210,           2.162400,            12.543537
211,           2.172000,            12.138521
212,           2.181600,            11.732714
213,           2.191200,            11.326088
214,           2.200800,            10.918610
215,           2.210400,            10.510241
216,           2.220000,            10.100933
217,           2.229600,            9.690635
218,           2.239200,            9.279286
219,           2.248800,            8.866818
220,           2.258400,            8.453155
221,           2.268000,            8.038214
222,           2.277600,            7.621900
223,           2.287200,            7.204112
224,           2.296800,            6.784738
225,           2.306400,            6.363657
226,           2.316000,            5.940737
227,           2.325600,            5.515835
228,           2.335200,            5.088797
229,           2.344800,            4.659459
230,           2.354400,            4.227643
231,           2.364000,            3.793161
232,           2.373600,            3.355809
233,           2.383200,            2.915373
234,           2.392800,            2.471625
235,           2.402400,            2.024322
236,           2.412000,            1.573207
237,           2.421600,            1.118009
238,           2.431200,            0.658441
239,           2.440800,            0.194202
240,           2.450400,            -0.275026
241,           2.460000,            -0.749576
242,           2.469600,            -1.229801
243,           2.479200,            -1.716066
244,           2.488800,            -2.208757
245,           2.498400,            -2.708276
246,           2.508000,            -3.215044
247,           2.517600,            -3.729500
248,           2.527200,            -4.252102
249,           2.536800,            -4.783326
250,           2.546400,            -5.323671
251,           2.556000,            -5.873650
252,           2.565600,            -6.433802
253,           2.575200,            -7.004683
254,           2.584800,            -7.586870
255,           2.594400,            -8.180963
256,           2.604000,            -8.787580
257,           2.613600,            -9.407365
258,           2.623200,            -10.040981
259,           2.632800,            -10.689113
260,           2.642400,            -11.352469
261,           2.652000,            -12.031781
262,           2.661600,            -12.727801
263,           2.671200,            -13.441307
264,           2.680800,            -14.173099
265,           2.690400,            -14.923999
266,           2.700000,            -15.694855
267,           2.709600,            -16.486538
268,           2.719200,            -17.299942
269,           2.728800,            -18.135986
270,           2.738400,            -18.995613
271,           2.748000,            -19.879789
272,           2.757600,            -20.789506
273,           2.767200,            -21.725779
274,           2.776800,            -22.689648
275,           2.786400,            -23.682177
276,           2.796000,            -24.704455
277,           2.805600,            -25.757593
278,           2.815200,            -26.842730
279,           2.824800,            -27.961026
280,           2.834400,            -29.113666
281,           2.844000,            -30.301859
282,           2.853600,            -31.526838
283,           2.863200,            -32.789859
284,           2.872800,            -34.092202
285,           2.882400,            -35.435170
286,           2.892000,            -36.820087
287,           2.901600,            -38.248303
